529 530 1788
1673 1674 1724
853 854 1467
1774 1775
2143 2144
1442 1443
1960 1961
1823 1824
2269 2270
2196 2197
581 582
1854 1855
1200 1201
353 354
660 661
975 976
102 103
2367 2368
2301 2302
2320 2321
1727 1728
1496 1497
375 376
2041 2042
741 742
347 348
776 777
1963 1964
1926 1927
146 147
1399 1400
665 2189
1862 1863
76 550
701 702
1714 1715
1841 1842
230 231
858 859
249 250
490 491
1654 1655
2326 2327
1079 1080
1089 1893
1424 1425
45 2450
551 552
1236 1557
911 912
62 63
1867 1868
1141 1142
1217 1218
1997 1998
1548 1598
402 469
1207 2010
329 330
133 134
588 589
2015 2016
1739 2178
2240 2241
1989 1990
245 246
1186 1187
967 968
1436 1437
495 496
1509 1601
387 388
2230 2231
806 807
864 865
694 695
2111 2216
276 277
380 381
954 955
425 426
784 785
1827 1828
790 791
160 161
449 450
836 951
1358 1359
558 559
612 1063
482 1008
796 797
1338 1339
597 991
410 615
567 568
304 305
336 337
29 30
884 885
2357 2358
686 687
1691 1777
502 503
179 180
1317 1318
652 653
1644 2309
2340 2341
50 1430
309 310
932 1411
417 1185
1575 1576
816 817
2119 2120
1678 1679
1279 2194
724 725
971 1891
1954 1955
1012 1013
16 17
1875 1876
891 1011
983 984
1648 1982
470 1295
2035 2036
2248 2249
128 758
1602 1603
1702 2125
646 1366
2186 2187
2 3
507 508
292 293
1052 1053
257 258
2350 2351
66 455
1688 1689
670 1846
1986 1987
210 211
1224 2025
939 940
1117 1118
962 1737
8 9
1944 2201
1352 1414
2050 2051
997 998
830 831
905 906
280 285
1449 1450
730 731
544 1006
872 873
263 1102
475 476
140 175
811 979
629 1174
624 625
38 39
2375 2433
708 709
370 1406
1211 1547
1136 1507
1040 1041
2393 2394
289 1292
94 256
22 23
2156 2180
918 919
2259 2260
1033 1034
225 461
1623 1624
767 850
602 603
658 1183
680 1001
531 1252
1097 1098
200 201
1154 1333
71 72
1564 1565
1387 1898
430 431
169 398
762 763
153 515
318 1101
233 234
87 1195
186 787
2475 2476
108 358
122 735
748 822
464 1259
82 621
