2469 4711
2829 2830
807 808
995 1291
1015 1016
3233 3332
1675 1676
1695 2770
200 1699
552 2839
0 375
409 410
7 8
13 14
1169 2064
21 22
27 28
3138 4125
2077 2078
34 419
82 682
2086 2087
39 40
2096 3714
48 49
55 93
4155 4156
1033 1034
62 63
66 67
71 635
4172 4368
77 4890
2129 2130
4181 4182
572 2136
88 89
2138 2781
3291 4187
95 2697
2143 2144
107 108
111 854
2162 2163
116 1498
1052 3433
4216 4217
128 129
133 4270
196 2182
139 1066
4239 4293
2192 2193
2197 2888
150 230
4246 4247
3780 3781
2202 2203
3752 4256
369 776
172 1195
177 178
182 1414
2232 2506
3368 4285
4287 4649
4299 4300
1203 2254
1286 4303
4305 4306
1235 2263
4312 4680
799 2265
2266 2267
221 533
4318 4319
2420 4322
4324 4325
145 229
2282 2283
3821 4332
4335 4336
246 247
4343 4344
2298 3953
252 253
2305 2958
258 2741
2311 2312
4371 4372
277 1459
283 1487
2334 3978
288 289
1754 1755
298 299
305 380
2355 2356
4406 4544
311 312
1914 2362
315 316
4413 4414
326 327
4423 4424
333 955
4436 4437
1017 2390
343 344
868 2397
4446 4447
352 356
4496 4497
361 416
1255 2791
4464 4465
2417 2418
2426 2427
384 1383
4482 4483
2796 2797
4493 4494
399 400
403 795
604 2452
1352 2455
887 2457
4510 4511
4516 4517
432 1568
4531 4534
2484 2485
446 447
4546 4547
2500 2501
456 457
463 464
759 760
2516 2517
4568 4569
3987 3988
4574 4575
3152 3778
2530 2630
3161 4581
488 3308
493 494
1788 1789
498 860
2548 2549
154 503
507 508
4606 4607
643 2133
2560 2561
1220 2564
4613 4614
522 523
526 527
2578 2579
534 535
539 540
3626 4637
2590 3735
545 546
4642 4643
2602 2603
654 3165
561 1482
4471 4658
1865 2615
567 568
4672 4673
2626 2627
4677 4678
2633 2634
589 594
4691 4692
598 993
4701 4702
2655 2656
609 610
621 622
4719 4720
626 627
2676 2677
4728 4854
4738 4739
2691 2692
2702 2703
4753 4754
658 659
2707 2708
1902 4760
665 666
669 670
2720 2721
236 680
2729 2730
4778 4779
690 691
2742 2743
4793 4794
699 700
703 704
709 1953
712 713
718 719
263 725
737 2609
742 743
747 748
754 755
2808 2809
770 1602
773 774
780 881
4882 4883
788 1172
4893 4894
2848 2849
812 813
817 818
2876 2877
4924 4925
1845 1846
838 839
4939 4940
847 848
2896 3074
2908 2909
4959 4960
4971 4972
2927 2928
4982 4983
892 893
4990 4991
904 1977
912 913
922 923
929 930
934 935
2985 4762
2346 2988
940 941
2997 2998
3913 3914
952 953
3015 3016
971 977
3026 3027
980 981
1810 3033
986 987
3038 3039
3921 3922
1001 1002
1009 1010
510 511
2959 3071
206 1027
3079 3080
1776 3082
1039 1040
1506 3089
3093 3094
1060 1975
863 3112
1067 1068
3119 3120
937 1077
1080 1081
1089 1090
1103 1104
1110 1818
1116 1117
3168 3894
3395 4625
1134 1947
189 2277
1139 1140
3188 3189
3197 3198
1174 1179
1190 1340
3239 3240
1740 3612
1198 1199
3253 3254
3263 3264
990 1720
1071 1226
1229 1230
1237 1238
3279 3458
215 1244
1258 1320
3312 3313
3966 3967
1271 1272
1276 1277
3339 3340
1297 1511
3350 3351
1306 3642
1909 3361
3363 3364
1322 1963
1333 1334
1929 1930
1368 1369
1593 1594
1376 1377
1384 1385
1397 1398
3449 3450
1404 1405
1454 1455
1432 1433
1449 1450
3503 3504
585 586
1465 1466
1610 1611
1472 1629
3532 3533
1493 1707
3549 3550
1503 1504
4007 4008
3569 3570
1959 1960
3574 3575
3578 3579
1536 1691
3586 3587
1545 1546
3606 3607
1564 1565
873 1567
1575 1907
1580 1581
3631 3632
1586 1587
3636 3637
1686 3650
3657 3658
1615 1935
3665 3666
1620 1621
3673 3674
3681 3682
1642 1643
1648 1891
2324 2325
1680 1681
3739 3740
1715 1716
1726 1727
1732 1733
1744 1745
3803 3804
1758 1759
1764 1765
1921 3711
1795 1986
3846 3847
3862 3863
3865 3866
1832 1833
1838 1839
3898 3899
3901 3902
1872 1873
3926 3927
2020 2021
1894 1895
3945 3946
1917 1918
1925 1926
1939 1940
4026 4066
4032 4033
1987 1988
2000 2001
4062 4063
2027 2028
2044 2045
340 341
809
3470
1700
1786
2108
1980
2470
3234
1694
2840
553
