197 198 199 2860
997 998 999 1000 2645
56 57 59 61 1390 1426
1236 2264 2817 2823 2825
771 1698 2441 2442
148 1072 1073 2296
117 118 119 1499 1664
146 147 148 149 2766
599 600 601 602 603 994 1627
84 85 86 2041 2042 2043
973 974 975 976 978
1576 1577 1908 2231 3407
419 420 428 431
384 386 389 393
175 176 1412 3784
817 820 821 826
1191 1192 1194 1342 3702
513 515 516 518 2921
278 2403 2404 2410 2413
158 168 2217 2351
201 203 205 2536
1072 1861 3852
72 73 74 639
175 176 1411 2151
154 158 163 168
87 2135 4554
1816 3480 4006
4242 4244 4294 4295 4710
1292 1293 1294 1295 2642
370 372 373 374 2126
2590 2591 2593 2594 2595 2597
1722 1724 1725 2979
2453 2454 3054 4765
2398 2399 2400 2401 3758
67 121 123 125
407 796 797 1149 1152
433 442 1569 1855 1856
236 239 240 241 243 245
1324 2341 3149
1746 1747 1748 1752 2688
193 194 2278 3679 3680
1050 1129 2894 3698
1353 1354 1356 2456 3178
820 821 1893
222 224 226 2914 2919
1329 1330 1332 1886
265 726 729 730
499 500 861 1102
75 76 641 837
2198 2199 2200 2201 2889
35 1554 1555 1559
772 1607 1609 2711 2984
576 577 578 579 2137
183 184 187 1663 1774
1112 1113 1829 2249
1476 1477 1629 1630 1633 1634
2232 2233 2234 2236 2238
2215 2216 2219
2742 2751 2753 2754
1113 1114 1822 1829
423 431 900 2512
888 889 891 2457 2463
94 480 482 3634
483 2107 4116 4117
1787 3522 4015
449 450 454 455 2208 3469
1862 4350
305 306 307 308 309 310
1695 1696 2771 2776 2780
3093 3097 3099 3101 3108 3109
1911 1912 1913 3362 4477 4478
1536 1541 1544
996 2949 2953
1922 1923 1924 3712 4211
1269 1270 3563 3564
2515 3542 3543 3545 3546
1203 1204 1212 1214
697 2320 2321 2323 4444
385 397 2981
1019 1021 1022 1023 2392
972 979
1126 1132 2970 2973 2974
355 3439 3444 3445 3446 3447
232 234 235 3088 3230
164 165 4210
3000 4196 4200
1352 1355 1357
643 644 645 648 649 652
608 4852 4853
489 491 492 4652 4653
1872 1873 1875 1877 1880
1602 1604 1608
151 152 153 486 3704
130 131 2598 3602
1987 1989 1990 1991 1994 1998
1450 1451 1452 1453 2073
463 465 476 477
2049 3810 3812 3816
171 4601
898 3380 3387 3388
3170 3171 3172 3173 3897 4453
2143 2145 2147 2148
3280 3281 3282 3283 3458
1 4 5 921
1227 1228 2713 2716
485 1265 1266 2057
1941 1942 1945 4296
1644 2522 2523 2525 2526 2527
2712 4361 4748
1536 1539 1540 1544
3441 3442 3444 3447
70 121 2115 2117
190 195 2277
1297 1298 1300 1302
1197 1413
1204 1219 3737
4532 4533 4665
637 638 3878
869 871 872 2589
2232 2237 2241
955 958 959 960 961
586 587 588 2581 2586
1836 1837 4098 4099
502 862 3429
1061 1064 1065 1976 2013
284 285 286 287 1714
1331 1886 1889
25 26 1683 1685 2448 2450
203 204 2536
1745 2688
864 865 866 867 3113 3116
1258 1259 1260 1261 1262 1263
3239 3241 3243 3245 3246
972 1440 1443
1795 1797 1798 1801 1804 1806
405 798 1152 1156
217 218 219 2723 2724 3455
686 687 689 2135
1268 3565 3568
263 266 270 273
4474 4658 4660 4662
1818 1820 1823 1826
1915 1916 2362
298 299 300 301 303 304
1322 1324 1325 1326
1158 1160 1166 3560
3199 3202 3203 3205 3206
1016 3470 3472 3475
231 233 3228 3230 3232
112 856 859 1076
1565 1566 4812 4815
1115 2906
288 289 290 291 292 294
1230 1231 1232 1233 1234 2611
2021 2024 2025 2026 2495 2497
1376 1379 1380 1382
2277 2279
207 208 212 214 1028
524 525 1785 3893 4954
2576 2885 2886
1456 1457 4822 4916
2402 3763
1616 1937 1938
95 97 100 101 102 105
34 36 38
409 411 412 415
1653 1654 1655 1656 1657 1658
792 793 794 4942 4944
1193 1341 4397
1509 1510 3090 3091 3357
4027 4066 4067 4069 4070
562 563 564 565 1484
2027 2028 2030 2032 2033 2036
432 434 436
1080 1081 1083 1087 1088
628 630 631 634 2288 2289
1334 1335 1339 2171
3253 3255 3256 3257 3258
122 124 2120
2426 2431 2432 2433
4172 4173 4174 4176
572 573 579
1221 1222 1223 1224 2565 2941
1405 1406 1408 2245 2246
361 362 363 365 367
122 3075 3078
268 725 732
1135 1136 1137 1138 1947 1948
3054 3055 4765
553 1968 1970 1974
3673 3675 3677
669 672 674 676 678 679
1195 1196
1579 2886
799 800 801 803 805 806
1217 2255 2256 3736
2834 2835 2838 3936 3937 3939
3339 3341 3342 3347 3348
2267 2269 2270 2271 3507
3379 3381 3382 3389
3035 3036 3984 3985
3026 3029 3030 3031
2434 2439 2440 2443
3233 3234 3236 3237
1968 1970 1972 3128 3130
244 1984 2481
334 337 955 962
1244 1245 1246 1247 1248 1254
904 905 907 908 909 910
2141 2781 2783 2787
3825 4231
2532 2534 2631 3064 3066
1649 1650 1651 1652 3212
343 344 345 350 351
987 1572 1573
1687 1688 1689 3651 3918
1981 2829 2831 2832 2833
1675 1676 1677 1678 1679
1068 1069 1070 1182
1256 1257 2791 2793 2794
3148 3149 3150
36 1189 1783
684 2559 4251
2084 3359 3360
609 611 612 615 618 620
658 659 661 663
2184 2624
1742 1743 3613 3615 3616
258 259 260 261
2305 2307 2308 2309 2310
1953 1956 1958
511 2568 2574
1544 4806
655 656 657 3167 4222 4223
534 535
272 274 3287 3288
2548 2550 2551 2554 2555
315 317 320 322 324
3956 3957 3958 4159 4160 4161
2978 3888 3889
808 809 811 968 969 970
3369 3370 3372 4285 4286
1415 2004 2005 2007 2008 2009
4701 4702 4703 4704 4706 4707
2299 2300 2301 3954 4513 4514
1527 1535
3846 3847 3848 3850
3626 3627 3628 3629
3350 3351 3352 3355
688 2367
401 402 3377 3378
1176 1177 1178 1180 1181
2221 2223 2225 2226 2227
4728 4731 4732
2771 2780 3710
2183 2185 2186
2097 2098 4165
4007 4008 4009
78 80 81 4891
813 814 815 3540
1733 1734 2189
3549 3550 3552 3555 3557 3558
27 28 29 32
108 109 110 963 967
2676 2677 2678 2679 2681 2683
2139 2140 2142 3222
1056 3433 3434 3435 3436
1578 3223 3224
2099 2100 2101 2102 2104 2105
3293 3295 3296 3297 4455
848 850 851 852 1366
1866 1867 1868 1869 1870 3487
3586 3589 3590 3592 3595
1089 1091 1093 1095 1096 1100
1199 1200 1201 2083 2084
1473 1475 2382 2384
381 382 383 1418
3162 3164 4582 4583 4585
981 982 983 984 1371
2484 2485 2486 2489 2491
2065 2066 3840 3841 3842
504 506 2351
2471 4712 4713 4817 4818
738 740 2609
2692 2693 2695 2696 3118
1062 1063 1064 1975 1976
989 4597
703 704 706
2721 2722 4951
3312 3314 3315
3921 3922 3924
621 622 624
4613 4614 4617
39 40 42 45 46
3235 3236 3332
1622 3217 3218 3648
1616 1937 2262
217 220 1249 3455
3396 3397 4627 4751
3516 3517 4274 4276 4650
873 875 876 877 879 880
1489 1737 1738 1739
2412 2415
1814 4103 4105 4107 4108
546 547 550 551
1936 2257 2258 2260
4287 4288 4289 4290 4291
221 223
3111 3490 4933
1397 1398 1400 1401
1581 1582 1584 1585 2251 2253
2335 2336 2337 2339 3979
1894 1895 1897 1898 1900
412 1047 1048
2223 2375 3596
4211 4214
2086 2088 2089 2090
2348 2349 2988 2989 2990
1966 1967 3145
923 924 925 927
955 956 960
3240 3246 3515
2923 3490
120 126
2223 2374
747 749 751 752
3753 4256 4257 4258 4259 4260
2896 2897 2898 2900 2902 2903
1279 1280 1282 1638
2352 2354
759 760 765 766 767 769
1508 3089 3090 3092
1494 1497 1707 1708 1709 1710
378 379 882 885
1128 1130 2973
3768 3809 3810 3816
48 49 52 53
1919 1920 4906 4980
1211 1217 1219 3736
2862 2865 2875
1628 1850 3324 3330
1464 2151 4744
510 519
3833 3834 3835 3836 3837
3096 3105 3106
3266 3267 3270 3272
1879 2061 2063
1238 1241 2790
756 3141 4126
1960 1961 2173 2175 2176
2844 3302 3303 3304 3305
938 1077 1078 1079
3201 3203 3209
2277 2281
777 2125 2128
2740 3944
3179 3181 4154 4834
590 591 592 593 595
1777 1778 1779 3083
2040 4249
3681 3683 3688
501 3299 4491 4592
713 715 717 1359 1360
2422 2423 2424 4322
2639 2640 4503 4506 4508
4407 4409 4410 4412 4545 4664
79 80 4891
814 816 3540
4423 4424 4426 4427 4428 4429
1388 1389
495 950 951 3309
3914 3915 3916 4184 4185
1887 2802 2804
1929 1930 1931 1932 1933
2586 4579
535 696 698
1864 3319
1587 1590 3058
48 50 51
90 91 92 1491
2761 2762 4353 4355
277 279 282
3732 4756 4757
447 1599 1600
839 840 841 842 843 2388 2389
2635 2637 3776
494 948 949 951
2744 2745 2752 2757
2304 3961
23 25 1685 2448
132 2598 3601
467 470 474 476
831 3160 3401
2108 2109 2110 2111 2112
382 1423 4194
3152 3153 3155 3158 3159
426 4040
1812 1813 4005 4006
440 441
1852 1853 1854
780 781 782 783 787
1139 1140 1141 1142 1145 1148
1828 2907
3 920 921
4461 4462 4463
3902 3903 3904 4401 4403
940 941 942 945 947
134 135 136 137 138 4271
1474 1629 1632
711 1954 4321
3318 3859
1285 2766
1009 1010 1011 1013 1014
1111 2249 2333
892 893 895 896 897
62 63 64 65
1271 1272 1273 1274
1610 1611 1612 1614
3739 3740 3741 3742
4738 4739 4741 4742
2373 2377 2379
1485 1486 2302 2733
726 727 734
427 1187
3569 3570 3572 3573
1758 1759 1761 1762
478 480 482
4464 4466 4467 4469
2044 2045 2048 2050
2501 2502 2503 2504 2505 2991
1116 1117 1121 1122 1123 1124
1744 1748
458 459 460 462 3002 4630
404 408 844
3016 3017 3018 4308 4310
718 720 721 722 724
334 336 2478 2480
1465 1467 1468 1469 1470
1052 1053 1054 1058 1059
3803 3804 3805 3806
4228 4440 4441 4526 4901
406 408 844 845
2997 2998
2162 2163 2164 2166 2167 2168
1432 1433 1434 1435 1436 1437
2311 2312 2313 2314 2316
2854 2856 2858
2363 2365 2366
1602 1603 1604
4198 4199
200 202
1699 1700 1701 1702 1704 1706
2707 2708 2709
2729 2730 2731
2908 2909 2911
2985 2986 2987
3038 3039 3040
4305 4306 4307
4516 4517 4519
4939 4940 4941
3642 3643 3644 3645
1699 1700 1701 1705 1706
1299 1516 1517
3966 3968 3969 3970 3971 3972
3009 3010 3011
185 2292
1788 1789 1790 1793 1794
82 83
1692 1693 2037 2038
1350 3598
2331 2805 2807
2210 2273 2274
2437 4073 4074
1276 1278 1281 1283
3681 3682 3688
2960 2961 2963 3071 3073
552 555 556 559
913 914 916 1108 1109
659 661 1518 1519
1062 2015
2933 2934 2936 2937
3587 3595 4416
2304 3960
540 544 3516
2602 2603 2606 2607 2608
3256 3257 4862
1287 1288 1289 1290 4304
2241 2514
13 15 16 17 19 20
3865 3866 3868 3869 3870
857 858 1076
1243 2178
3138 3139 3140 3143
8 9 10 11 12 1317 1318
3060 4805 4807
464 468 469
1755 1756 1757 2616 2617
353 3440
4312 4313 4314 4315
606 3513
1621 3215 3216 3219
446 447 452
2178 2180 2181
2845 2846 2847 2996 4261
1838 1840 1841 1842
1838 1840 1842 1844
3821 4332 4333
847 848 852 853
2533 3067
3087 3485 3486
4029 4030 4422
1155 1166 3560
1173 4942 4944
1909 1910
2337 3979 3980
186 1417
1362 1364 1365
2122 2123
3077 3547 3548
1308 4166 4167 4168 4170
2633 2634 2636 2638
1617 1619 1935
4239 4240 4243
1586 1587 1590
4719 4720 4721 4722 4723
3747 3749 3750
1588 1590
2516 2517 2518 2519 2520
1834 4098 4099
3045 3818
3188 3189 3190 3192 3194 3195
539 542 544
3121 3122 3123 3124 3125 4774
2552 2553 2629
1570 1857
1949 1950 1952
1246 1251
539 543 544
3359 3874
1186 1188
3146 3147 4684
3787 3788 3789 3790
1715 1716 1717 1719
312 313 314 2887
1149 1159
2342 3151
581 583
4187 4188 4189 4190 4191 4192 4193
2839 2840 2842 2843
737 738 740
1545 1546 1547 1548 1549 1550
526 528 529 530 531 532
2881 2882 4675
364 368 3437
3092 4668
3094 3095 3096 3106
560 3492 3976 3977
3945 3946 3948 3949 3950
3945 3947 3948 3949 3950
206 209
4081 4263
2275 2276
1511 1512 1513 1514
4796 4797
409 410 413
409 413 414
4275 4277 4650
1017 1020 1024
1333 1336 1338
908 1977 1979
3959 4158 4221
4560 4561 4563
2145 3421 3422
3731 3733 3734
3477 3479 3481
2796 2797 2798 2799 2801
2848 2849 2850 2851 2853
567 568 569 570 571
690 691 693 694 695
929 930 931 932 933
1039 1040 1041 1043 1044
1902 1903 1904 1905 1906
2202 2203 2204 2205 2206
2655 2656 2657 2658 2659
4343 4344 4345 4347 4348
1495 1496 1708
1732 1735 1736
3051 3052 3053
4113 4254 4255
1810 1813
371 3320 3322
1237 1238 1240
3955 3959
2610 4993 4994
4340 4341 4671
2470 4801
1939 1940 1941 1944
156 2895
3471 3472 3473
4522 4523 4525 4868
1459 1460 1461 1462
3452 3454 3670
1455 4822
4535 4665 4666
3266 3276 3755
748 749
1832 1835
326 327 328 329 331 332
139 140 141 142 143 144
1726 1727 1728 1729 1730 1731
4446 4447 4448 4449 4450 4451
4778 4779 4780 4781 4782 4783
1090 1098
172 173 174
376 883 884
3169 3896
3197 3200 3201
2773 2778
610 613
3032 4233 4234 4268
3986 4555
604 605
3662 3663
1301 1303 1305
115 855
1082 1086
3798 3799 3800 3801 3802
3804 3805 3861
2324 2326 2327 2328
2326 2327 2329 4809
626 627 629 632
4353 4638 4639
2959 2962 2964
271 2662
1623 1625 3649
2777 2779
3688 3691 3693
1280 1640
1407 2243
1030 1771 3457 4153 4391
3345 3346 4802
3398 4752
99 2697
2064 2067 2068
2347 2988 2990
3028 3671
1684 2445 2446 2447
1306 1309 1310 1311
66 69
3643 3647 4124
918 3068 3069
295 297
819 829
1314 2618
3063 3065
4467 4468 4469
1169 1171
1154 1167
3909 3910 4334
490 4652
712 714 716
1001 1002 1003 1004 1005 1006 1007
246 247 248 249 250 251
252 253 254 255 256 257
340 341 342
507 508 509
665 666 667 668
699 700 701 702
773 774 775
934 935 936
952 953 954
1033 1034 1035 1036 1037 1038
1368 1369 1370
1384 1385 1386 1387
1503 1504 1505
1680 1681 1682
1764 1765 1766 1767
1845 1846 1847
1925 1926 1927 1928
2000 2001 2002 2003
2077 2078 2079 2080
2129 2130 2131
2282 2283 2284 2285
2355 2356 2357
2417 2418 2419
2560 2561 2562 2563
2578 2579 2580
2626 2627 2628
2702 2703 2704
2808 2809 2810 2811
2876 2877 2878 2879
2927 2928 2929 2930
3079 3080 3081
3263 3264 3265
3449 3450 3451
3503 3504 3505
3532 3533 3534 3535
3574 3575 3576 3577
3606 3607 3608 3609
3631 3632 3633
3636 3637 3638 3639 3640 3641
3665 3666 3667 3668
3780 3781 3782 3783
3862 3863 3864
3898 3899 3900
3987 3988 3989 3990 3991 3992
4032 4033 4034 4035 4036 4037
4062 4063 4064 4065
4155 4156 4157
4181 4182 4183
4201 4202 4203
4246 4247 4248
4299 4300 4301
4318 4319 4320
4324 4325 4326
4335 4336 4337 4338
4371 4372 4373
4413 4414 4415
4436 4437 4438 4439
4493 4494 4495
4496 4497 4498 4499
4510 4511 4512
4546 4547 4548 4549
4568 4569 4570 4571 4572 4573
4574 4575 4576
4606 4607 4608 4609 4610 4611
4642 4643 4644
4672 4673 4674
4677 4678 4679
4691 4692 4693
4753 4754 4755
4793 4794 4795
4882 4883 4884 4885
4893 4894 4895
4924 4925 4926
4959 4960 4961
4971 4972 4973
4982 4983 4984
4990 4991 4992
177 178 179 180 181
742 743 744 745 746
1103 1104 1105 1106 1107
1593 1594 1595 1596 1597
2192 2193 2194 2195 2196
3363 3364 3365 3366 3367
3578 3579 3580 3581 3582
3657 3658 3659 3660 3661
3926 3927 3928 3929 3930
4216 4217 4218 4219 4220
4482 4483 4484 4485 4486
30 31 33
810 970
2784 2786
2091 3131
3684 3686 3687 3692
1482 1485
400 3377 3378
1431 2621
348 349
3371 4285 4286
3373 4285 4286
822 823
545 548 549
2251 2253 3300
788 789 791
2390 2391 2393 2394
2436 2438 3584
4419 4420 4421
992 1721
1645 2994
2378 3496
333 335 338
1791 1792
3335 3336 3337
2118 2119 2121
710 1958
0 6
227 2915
635 636
3251 3653 3654
3244 3249
3866 3868 3871
4504 4507 4508
1183 1184
2239 2506 2507
2266 2267 2270
3019 3020 3022 3290
2378 3495
1543 4830
3727 3728 3729
2839 2841
55 58 60
915 1109
4646 4647
1027 1031
783 786
1646 2528
2174 2175
2318 2319
4172 4175
1125 1131
3119 3121 3123
4584 4835
493 496
4694 4695 4696
2420 2421 2424
189 191 192
1842 2957
2680 2682 4912
1963 1964
1999 3405
2969 2972 2974
2425 4323
1425 1430
1351 3500 3501
1307 4167
2966 2968
986 988
3082 3084 3085
4900 4930
1490 1713
1381 4282 4284
1084 1085
2516 2518 2521
890 2458
113 1075
237 681
3211 3213
640 1051
536 3136
1321 1346 4302
1507 4887 4888 4889
4166 4169
3034 3986
1589 1592
225 2918
1591 3057
456 462
2429 2430
2306 2958
4272 4273
990 991 992
1978 2472
1560 1562
1773 2294
1174 1175
992 2760
302
3175 3176 3177
1398 1403
1399
484 487
339 3196
4316 4680
1327 4594
1723 3755 4628
4769 4771
3610 3669 3670
3306 3307 3743 3745
1097 1100
318 325
4471 4473
1632 4095 4445
2698 2699 2700
128 129
37 1556 2177
1955 1957
3012 3013 4058
1631 3023 3756
2144 2556
2530 2531 2535
2291 4302
3056
2590 2592 2596
4162
906
4472 4661
2190 4857 4858
2082 4040
750 753
3254 3261 4001
4401 4404
41 1275
4402
1983 1985 2481
1884 3905
2387 3756
2113 2795
1337
3268 4354
3715 4165
4009 4012
2691 2694
1874 2114
1416 1659 1660
3271 3274 3278
1225 2942
3714
4010
3511
3873 3875 3876
3744
2566 4851
2011
4425 4430
2792 4151
1703
3254 3262
4729 4730
1501 2883
54 4655 4727
1054 1055
3332 3333
3332 3334
3114 3115
4985 4986 4987
2134 3603
4406 4408
258 262
1277 1281
4632
3291 3292
88 89
2741
1057
416 417 418
330
1066
2587
4784
4878
4163 4724
1492
1291 1296
2436 2438 4004
3887 3888
3890 3892
874 878 1567
2317 3697
1643 2213 2214
1198 1202
1143 1144
4054 4055 4056 4057
356 357 358 359 360
1146 1147
754 755 757 758
2146
50 2837
4791 4792
3229 3537
295 296
1796 1800
2746 2755 3399 3400
1042
2660
2800
2852
4112
4346
4760
4875
4920
692
3685
818 1892
3932 3933
4352 4433
3474 3476
2933 2935
901 3952
3612 3614
2449 2451
1131 3720
4859 4860
3978 3981
1803 3356
2334 2338
3826 3827
2859 3284
561 566
1205 1207
886
4224 4743
1454 1458
4747 4749 4831
3024
2750 2759
899 902
14 18
3138 3142
2892 3375 3376
3717 3718
739
741
682 687
3819 4328
311
1718
4874
4125
1396 3392
2325
3368
4640
2643 3043
2748 3830 3831
4625 4626
1045
596 597
1466 1471
3976 3977 4800
4115 4117
761 763
3807
3808
762 768
3738 4374
2012 2018 2343
2017 2018 2343
1917 1918
1419 1420
723
4705
4309
2322 4804
1250 1253
2487 2490
2490 2493
2268 4772
1772 1775
1032 1770
3778 3779
2272 4772
3154 3157
4505
4711
1094 4097
3646
4773
3940 3941
784 881
1394 4266
2085
2138
1239
2020 2022
2488 3766
1542
1018 4434
1419 1422
1881 4633
2726 2727 2728
980 982
3156
3912 4120
957 3536
849
3120
785
4562
3191
3193
922 926
928 3310
985
824 834
293
216 2725
3133
3275 3277
182 188
210 1768
832
3689 3934
114 1075
4589 4602 4603
1421 4195
2812 2813
2087
488
4839
4581
4648
3044 3046
2732
3041
3630
4762
4855
4966
2910
4518
617 1551 1552
523 1784
660 662
1428
673
2830
727 735
616 1025
3726
2871
1690 3650
4534
3027
1959 1962
4670
2868
2870
2874
664
3938
1163 1502
4588 4657
1571 3214
3867
1901 2212
4109 4110
1896 2211
487 3705
2513
2056 3703
1375
4303
1286
646 650
3443
1481
3917 3920
3883 3885 3886
912
2772 2773
4435
2383 3994
1515 3432 4937
2604
2605
457
461
4798
4799
1669
1671
1672
1343 1344
633 2287
4756 4974
2569 4357 4359
3003
1478
2242 2931
1119
1120
4104
2500
4226 4700
3448
4520 4521
1557 3047
2468
961 2476
3767
1843
1720
4026 4028
937 939
2207 2209
4538
316 323
3708 3709
2293 3877
127
1345
4832
1839
4922
4663
3375 3730
2770 3014
4955
1943 3502
4465
2229
3204 4102
375 377
4829
3967
3973
4235
1763
3571
3754
1760
3460 3461
4456 4457
399
1946
4281
1661 1662
2006
812
4890
2789
2540
2546
4100 4769
3033 3037
3269
4524
1620 1624
3539
3541
77
4907
1347 1348
1404 1409
2350
3174
2158
2884 4675
2965
3635
527
21 22 24
4329 4578
4490
4813
4544
2132
2473
2474
3811
3814
424 425
4816
3559
3464
3072
4042 4431
4725
3456
2891 2893
1463
3294
4356
3112
3553
3556
4411
3165 3166
4726
2747 3491
3791
4866
3208
2172
3951
4122
964
4770
3974 4629
3817 3820
966
2247
2775
3349
943
7
1319
776 778
854
4641
2584
3594
3588
4019 4024
2427 3822
944
946
554
3343
3344
3908
3076
3410
802
1973
3497 3498
1029
2650
43 47
3975
3260
3604
2364
3117
472
537 4405
1890
1580 1583
4669
705
707
2720
3313
3316
3923
3925
4962
4559
1740 1741
1642 1647
2094
3238
3694
623
625
4615
4616
104
1805 3356
347
2599
2600
2601
1637
96
98
103
346
3423 3431
2828
2252
473
4089
1252
2240
1483
466
2250
790
133
4418
3070 4979
2899 2901
4943
4489
3561
2749
2395
4612
4786
4787
2315
2259
558
2549
1807
2380
2165
3132
4059
4093
2855
1639 1641
4292
2358
2359
2361
211 213
3514
1754
4366
4871
4910
1802
1328
1691
2381
2106
903
2644
2646
3719
4365
4367
557
3242
3248
3250
1965
3104
4539 4540 4541
2376
2297
2769
2651
2756
2971
2524
764
2187
3828 3829
4265
3425
3427
3774
2622 4267
503 505
4586 4587
2613 4179
2995
3838
3839
1753
4119 4120
1749
1751
4651 4956
1312 1313
3832
3021
4659
582
2062 4633
422
680
429
4838 4917
1993 3390
4819 4820
2396
575
580
2818
1769
238
3161 3163
267 1008 3286
1781
2019
4500
4207 4208
1213
1500
2254
4861
594
4078
1208
1209
3144
3509 3510
2023
4501
4605
3748
2767
807
1361
3690
4442
3488
2764
2612
2494
3894 3895
4873
2511
2280
1995
589
2498
2508
1229
391
392
395
396
3562
387
388
390
394
398
4708
3259
1323
2435 2444
3931
3385
3678
1092
1996
3383
2492
4039
1865
2615
4527
4528
4529
3384
3386
3110
2529
2977
3600
3765
1026
3672
4550
369
3098
4137 4141
2081
919
1218
4381
4382
4623
3127
3129
3911
2127
1934
3252
1971
242
145
229
868 870
3102
3103
3100
2029
1969
838
731
1988
3913
4186
3544
2768
4225
1615 1618
3963
3964
3965
4204 4205 4206
1997
1060
1561
1992
1487 1488
2031
2034
2035
1134
3025
448
196
2861
2863
2866
709
215
3323
4279 4280
4443
2386
4567 4844
2701
2016
2014
1951
4836
4566 4759
4530
4072
651
614
3168
4849
4879
4358 4360
3453
3725
670
4921
1635
1429
4870
3993
4128
2763 4758
677
4697 4698
1372
1373
1374
1851
280
281
1563
2191
1830
4593
4768
1392
453
1558
1074
4232
4865
3775 3777
111
2975 2976
3585
653
1472
1220
2564
1427
2940
2385
917
403
4914
230
3493
3048
647
2133
3771
3772
3919
2614
4911
3468
4133
4140
4826
1686
4399
269
276
4139
4394
4398
4923
380
3484
2150
2157
2160
2161
2046
2993
4488
4551
1613
4740
887
2710
3210
4975
4976
4988
275
3483
1598
3289
1118
451
444
3221
1899
1831
995
2944
2946
2947
4537
2992
1046
719
2920
3086
1340
1891
1648
1819
1506
4656
2047
1157
1162
3770
1493
2479
3518
3792
3015
3402
283
3482
2951
846
4090
4091
4092
4212
3395
2461
2465
2945
2948
2950
2952
1824
1825
1711
1190
1150
1165
2956
3700 3701
2943
2954
321
2054
2055
3999
533
2912
1480
4215
4880
2248
1110
4892
4317
1827
4396
3995
2340
2330
2332
443
1358
4854
4101
2545
1520
1531
1858
4392
3059
319
2353
3061
3062
2541
2544
3884
2774
2459
2460
2462
2464
2467
4147
2346
4913
2588
4127
4145
4150
4146
3891
2880
1854 1859
2926
1267
3605
1521
1525
1528
1982
2922
4311
4808
2010
3721
2573
3786
3769
2872
2873
520
3618
2758
514
3674
3676
3374
2075
4013
4014
1449
4330
4869
2538
2539
2547
4149
2482
2483
4745
4766
3761
3762
2071
2074
833
3414
2092
3325
3327
3328
2070
2072
2076
2096
4011
4736
4269
2570
4144
3849
4927
2455
3619
3622
3625
2630
1363
2397
3746
3759
3997
3621
2785
3815
517
521
3353
3354
4637
4877
2999
3001
3998
4118
3813
1876
3597
4790
1606
3207
4902
366
1153
1161
116
4876
642
863
4591
2714
2718
1447
1448
3554
1164
2782
3198
4599
2577
4896
161
3409
3417
3420
3279
2053
3438
1498
1666
1667
1670
1673
1674
3406
3415
3416
2103
3462
522
4417
2060
795
1168
4558
4932
4363
2623
683
1665
1668
2983
4515
4735
1605
2717
4362
4364
3225
685
4919
4197
3459
3463
3465
3466
1883
1529
1185
1067
3591
3593
4542
4737
1776
1534
3408
3419
1575
1878
1882
2890
4142
155
1378
3773
2416
4121
971
1438
1439
1441
1442
1444
1445
1446
4622
1367
4018
4025
3403
4837
977
1133
2632
2265
1049
1533
4229
1127
2407
2414
4017
4020
4021
4023
2705
162
4068
2408
2411
3853
3854
3856
3857
3858
1626
4164
4764
157
167
170
4245
166
2405
2406
2409
4060 4061
4143
3879
3880
3881
3882
4458
4459
4945
2093
2095
4283
1522
1524
3231
4460
4886
4270
836
475
3844
4385
4388
3499
1523
1526
71
708
1532
1172
4386
4390
1179
3785
2671
2673
993
2286
2669
2674
2664
2665
2670
2672
3247
598
4342
4384
4387
106
3227
1986
3538
4908
3953
1799
4339
2360
2298
4931
4253
498
2905
3428
1871
3664
4432
430
3655
4351
2805 2806
2743
2069
107
2585
2235
2582
2583
2170
1216
1574
2932
3583
3695
860
965
3901
4375
4685 4686
3430
1101
3137
3424
3426
1808
3699
3823
1750
1811
1815
728
4378
4379
4250
574
2684
2685
2686
2687
2689
2690
4872
585
4376
4377
733
736
3134
44
3566
3567
584
3506
2980
4238
3321
4083
4087
4180
2648
4252
2558
4565
4262
4076
4080
4082
4088
4075
4079
4085
4086
2197
4077
4084
2888
4264
3652
4531
4543
2496
2499
1636
4970
1206
2955
3707
3907
4178
2039
3042
4631
3185
3187
2510
1304
4552
3107
3049
445 1568
1099
4840
352 354
2734
2736
3656
2368
2372
1786
3520
3526
3528
3005
3007
3008
2788
2369
2370
2371
3004
3006
4452
4846
4564
4094
4718
4938
2739
3617
4071
4843
4038
3713
4845
4847
3943
4043
4052
3872
3906
3620
619
4502
4841
1712
1885
1888
4327
4016
4842
1914
3393
3394
3074
4918
264
1071
2475
3851
3855
3860
4148
654
4715
4716
3311
3824
4130
4135
4138
4241
4131
4132
4134
4136
4129
3050
1780
1782
3226
3519
3524
3525
1553
1012
3285
4230
3301
3521
3523
3527
3529
3530
1848 1849
1821
3735
4963
2904
1393
4903
4904
1564
3624
2738
2765
2706
3793
3794
3795
3796
3797
435
437
438
439
2982
512
4106
4814
2619
2
2572
228
3599
4114
3757
3760
3764
2857
2836
2620
4654
4734
671
675
2924
2925
2228
2222
2224
4368
4595
2938
2737
4481
2571
2152
2154
2155
2159
1410
4479
1151
4709
4953
4977
4590
4714
4899
68
3329
1414
4649
894
4293
4828
3722
3723
2218
2220
2428
1402
2058
3996
4619
4681
4682
4683
3326
3331
1320
4213
2477
2059
150
4833
2916
4393
4395
4400
3706
4667
1316
4022
1479
2537
2542
2913
2917
911
1921
2263
2814
2815
2816
2819
2820
2821
2822
2824
2575
4454
4775
4776
4777
1809
2149
2156
2244
4763
2466
2153
1264
3358
2182
4041
4046
4047
4048
4050
4053
4096
1601
2663
2666
2667
2668
2675
4177
2290
4209
3273
541
2735
1255
2261
4369
4935
4936
2557
2939
2719
2867
4556
4929
3135
3551
1907
3412
3418
3340
2116
804
4596
4750
159
160
169
4598
4600
2230
3411
3413
4968
4915
607
2052
2661
4577
3338
2715
4636
1860
4881
3935
4767
471
4553
4898
828
2469
4227
1226
3512
779
1863
4000
4297
3531
4949
4580
1537
1538
1817
2641
2647
2649
1424
2136
4278
2188
2344
825
830
835
2864
2869
4989
1215
3843
3308
4958
4981
3404
4380
3478
1170
2124
2967
3182
3183
3184
3186
3611
2295
4509
4864
4331
3126
4480
4687
4688
4689
4690
1210
4557
4811
4964
1377
2452
3220
4848
4475
4476
538
4788
4823
4824
4825
4349
3845
1383
4699
3696
4492
4946
4152
4536
2169
3623
1530
4621
3489
481
1349
2625
4604
4785
1391
4003
4470
4867
4850
3180
479
2827
2567
4897
4952
4383
3317
4733
3361
2051
4618
93
1242
4620
3711
4965
4978
2543
3942
4171
1694
2652
2653
2654
4236
4237
1315
4746
4789
3467
2803
1284
4389
3494
2179
4044
4045
4049
4051
4298
1697
2826
3716
4370
4934
770
497
1395
4676
3752
1235
4928
4969
4031
3983
4905
4967
1015
1980
1833
3962
4634
4947
4948
4821
2345
827
4717
3508
4111
4827
4950
4856
3982
3751
4863
4761
4803
3391
4624
4909
4957
4002
4810
3298
2303
4645
4487
3724
4123
4635
421
2509
