973 4348
5400 8691
12 4151
8206 8207
35 492
93 3437
235 266
365 366
403 404
207 504
342 755
805 3796
814 815
862 3506
880 881
994 1044
9443 9444
1262 9841
9457 9458
1321 8925
13812 16619
4695 9796
1161 1593
284 2858
9911 11320
1763 1764
10112 10113
2034 9949
2068 10885
10473 10474
2303 10137
678 2454
5912 9280
2721 2722
2910 8358
10841 11144
153 3005
619 3065
3925 3926
3309 4355
3400 3401
3407 11574
3408 3409
3555 3556
3567 6049
1815 3592
3714 3715
11932 11933
12116 12117
4208 8423
15857 15858
12498 13263
2091 5165
13453 13454
5415 5416
5499 5500
13796 13797
5820 5821
14081 14082
613 5924
4816 6105
6444 13848
227 6525
6618 7386
14922 15359
7099 11114
7134 10652
2293 5315
8321 15580
4009 4010
12595 16011
7924 13296
23 1919
432 4907
9938 13734
842 3547
1742 9527
1346 9593
2445 5723
2604 6602
3222 3970
11927 12554
7321 12570
15039 16267
0 1101
1092 8194
7 12822
2517 8202
8203 8204
19 2284
29 30
5714 16417
16036 16421
8231 14337
41 42
8239 8240
16434 16435
51 52
16439 16440
57 58
1374 1375
16394 16395
16447 16448
70 71
77 78
1957 8273
16461 16467
84 85
88 1275
99 362
4522 8295
16488 16489
2980 8300
16498 16499
16502 16503
8314 8315
16139 16516
140 141
149 1651
159 160
166 167
16552 16553
174 175
178 1611
8373 8374
183 457
16572 16573
189 190
196 375
8389 8390
16583 16584
203 204
16589 16590
211 212
16595 16596
7608 8408
216 217
4666 8410
16604 16605
221 1385
6245 8229
16614 16615
8426 8427
237 2039
16623 16624
243 244
8440 9857
16635 16636
7053 8445
256 5630
261 16299
8460 11172
16654 16655
272 276
8467 8468
279 1702
8473 8474
16668 16669
16671 16672
2943 8485
294 3910
8487 8488
16682 16683
16695 16696
8508 12403
321 1924
8514 8849
16708 16709
7747 12343
8526 8527
336 2125
344 475
350 355
358 359
7305 8553
8560 8561
370 371
12350 12351
377 378
8576 13703
387 9012
8589 8590
399 400
4070 8599
410 2816
14470 14471
415 416
8609 8610
8614 8615
423 1634
434 5055
1469 10996
8634 8635
446 516
8641 8642
8651 8652
462 999
470 471
479 480
6850 8674
486 14189
8680 8681
8683 12487
498 3631
8276 8277
8709 8710
522 654
2279 8716
3732 8719
533 683
539 1555
1455 1456
557 10640
561 562
566 567
2915 8763
575 9449
579 4013
584 585
8777 8778
589 4823
596 1771
6332 8790
5561 5562
602 7831
6344 8795
609 7353
6374 8804
624 2481
8817 14547
631 3478
8831 8832
640 4215
8836 8837
646 1650
8840 15560
655 656
660 1106
4984 5572
666 667
1658 1659
8873 8874
689 4644
7978 8882
693 922
700 701
705 2175
15572 15573
712 713
8918 8919
734 11563
8928 8929
738 4507
742 743
8952 8953
762 9432
769 2115
8965 9213
129 9140
779 780
8973 11791
784 785
8976 8977
790 791
796 9182
8991 14805
801 802
8998 8999
819 820
826 2267
9020 9021
9024 9025
9032 9498
847 4961
9041 9042
311 853
857 5003
7988 9053
9059 9060
868 869
4243 15023
9077 9078
887 888
9082 9083
894 1024
9088 9089
898 899
9092 9093
907 1494
911 912
9117 9118
928 929
9125 9126
935 936
9134 9135
948 1115
954 1726
959 960
963 4036
2892 10577
9165 9166
981 982
988 4342
9195 9196
1006 1007
1017 1018
9214 9215
1029 1030
9227 9228
1037 3175
13826 13827
1050 1051
1053 1054
9250 9251
1060 1061
1069 1073
1078 1269
1086 2536
1095 1905
7186 9291
1110 11711
1119 4671
9325 9326
1134 1135
4247 9329
1138 1209
9333 9334
1143 1144
9336 9337
1150 1151
9343 9344
9347 9348
1156 1157
6952 9358
1168 1169
9365 9366
1174 1175
1178 5893
1182 3292
1186 2080
9385 9386
1197 6967
1204 2133
9400 9401
1212 3266
1223 2624
1229 1230
1236 6265
1239 1240
1248 4177
1257 1258
9463 9464
9473 9474
9480 9481
7174 9484
1295 2680
9490 9491
1300 5846
7508 9497
1307 5246
9500 9501
15237 15238
9511 9512
9520 9521
1329 1330
1341 3216
1352 1353
1359 1360
3428 9557
5688 5689
9567 9568
9580 10435
1405 1406
1409 10383
1426 2929
1438 9651
1441 1442
7878 9639
9647 9648
1458 11228
1474 1475
1481 2628
3467 9675
7400 9679
1491 1492
1495 1496
7817 9688
4955 9689
9695 10503
9705 9706
9713 9714
1523 7541
9718 11076
2985 2986
1528 1529
1531 1532
1536 2851
1541 13484
1547 2144
5507 5508
1559 1560
1562 1563
9758 9759
1574 1575
9820 9821
9774 9775
1583 1584
9777 9778
1587 4123
2997 6613
1604 1605
9800 10284
9805 9806
1619 3304
9814 9815
1628 1629
6977 9825
9834 9835
9850 9851
1663 5301
1670 1671
9869 9870
1680 1681
9879 9880
9891 9892
1709 1710
9907 10447
1716 1717
1723 2117
9916 9917
2030 11515
8753 9944
1756 1757
9959 9960
1777 1778
9971 14154
6626 9981
1796 4998
1802 1803
10006 10007
12590 12591
1822 1823
1827 15978
10022 10023
9863 15149
10045 10046
7917 10049
10050 10496
1867 1868
10059 10065
1877 1889
1882 1883
1893 1894
1914 1915
3050 3051
1925 4415
1936 3689
1942 1952
1946 3302
8013 10142
1962 1963
1968 1969
10163 10164
1980 1981
10173 10174
331 901
1992 1993
1997 1998
10200 10201
2016 2017
2021 2022
10222 10223
10229 10230
10234 10235
2047 7155
4438 6568
10250 10251
10276 10277
2086 2087
2093 2094
2100 2101
2104 2105
10308 10309
2119 5595
10314 10315
2137 2138
450 11280
2149 2150
2154 2155
10348 10349
4093 10351
2160 6682
2165 2166
10369 10370
2179 2504
2215 2216
7711 10409
2219 2220
2224 2225
2230 2231
4131 10428
2245 2246
2251 2252
2258 2259
10464 10465
10479 10480
2288 2289
10488 10489
10491 10492
2307 4699
10508 10509
6152 10515
2316 2326
2331 2332
10528 10529
2338 2339
2348 7676
2353 2354
10546 10547
10549 10550
2358 2359
2361 2362
2365 2366
10558 10559
2371 2372
2376 4296
2381 2382
2395 2396
10590 10591
2403 2404
10599 10600
2439 2544
2451 5444
10644 10645
2465 6501
2471 2472
10665 13760
2474 2475
2477 4804
2482 7496
10679 12664
10687 10688
10694 10695
10697 15156
2509 5742
2058 10710
2523 2524
10719 12917
2530 2731
2540 5694
1789 4460
10750 10751
10758 11524
10764 10765
2574 2935
2590 7302
10785 10786
2597 3890
2611 2612
10805 10806
14088 14089
2617 3143
2854 4179
3802 10822
2636 3422
2641 2642
2647 10155
10848 10849
2658 2664
10855 10856
12364 14117
10875 10876
10887 10888
2705 2706
2713 7722
10907 11535
2726 2727
10925 10926
2735 2736
2738 3709
2749 2750
10946 10947
10957 13921
2770 2771
2776 3323
2796 5198
10990 10991
2803 2804
2806 2807
2822 4683
2827 2828
11022 11028
14125 14126
2837 2838
2842 2843
15493 15494
2864 2865
11058 11059
2869 2870
11064 11065
2874 7005
2881 2882
2886 2887
11083 11084
2897 8133
2902 5240
11099 11100
5972 11108
3218 12740
1854 7164
4529 11138
14293 15511
11155 11156
11177 11178
11188 11189
11198 11199
3010 7636
11217 11218
3029 3030
8557 12073
5466 11224
6452 11233
3584 11430
11238 11239
11243 14213
3057 3058
3072 3073
3080 3081
3083 3084
3088 4884
3096 3674
3104 3105
11300 11301
3116 3117
11315 11316
3125 3126
3130 3131
3150 3151
3156 3157
527 3774
3164 3165
3167 3168
12816 12817
11363 15322
3200 3228
3208 3209
11409 11410
3237 3238
3245 4520
3253 3254
3285 6006
7371 7372
3275 5482
3281 3282
11482 11483
3315 3316
11512 11513
3331 5306
3350 3351
11544 16199
3358 3359
3365 3366
3373 3686
12850 12851
3390 3391
3396 3397
11602 11603
3414 8125
11615 11616
10128 15790
5232 11618
11622 11623
11639 11640
6036 6037
3484 3485
3493 3494
11687 11688
3499 3500
11703 11704
4926 11713
11715 11716
11719 11720
3538 3539
11737 11738
4688 4689
5676 11030
3573 6259
11775 11776
3605 6581
15622 15623
3632 3633
3636 3637
11836 15316
3646 4086
3649 14886
11842 11843
4708 5753
7055 11866
3343 15516
3677 3678
3696 3697
11898 11899
11908 11909
11913 11914
3723 3724
11922 11923
3749 3750
11944 11945
11949 11950
11953 11954
14281 14282
3768 6225
11969 11970
3781 3782
3790 3791
11985 14813
6095 13793
3828 7002
3835 6519
12030 12031
3840 3841
6061 12036
12057 12058
12068 15182
8667 12074
12076 12077
3892 3893
12092 15368
12096 15878
12103 12104
3919 7446
12123 12124
3935 3936
4370 12129
3938 3943
4744 10214
3949 7767
3951 3952
12149 12150
3959 3960
3976 3977
12173 12174
3982 6585
12178 12179
5888 12182
3995 4457
4000 4619
4004 4005
12200 12201
4022 4023
4031 4032
12230 12231
4045 7664
15410 15411
12264 12265
4082 4083
12276 12277
4089 4090
4102 4103
4138 4139
4149 7715
4157 4158
4165 4166
4171 4172
12370 12371
6478 12376
12378 12379
12390 12391
4201 4202
6995 12395
12414 12415
4237 4238
6414 6415
12434 12435
12437 12438
12995 12996
4250 4429
12443 12444
4263 4264
12461 12462
4273 4274
12470 12471
4281 4850
4292 4293
6962 6963
4314 4812
12507 14780
4320 4321
4326 4327
12523 12524
4337 14284
4343 7813
4351 4352
12545 13026
4361 5115
10285 10286
11420 12566
4376 4377
4389 4390
12586 14164
4399 4400
4406 4407
4425 4426
4431 4432
12629 12630
4450 4451
5615 8934
4465 4466
12661 13753
4473 4479
12666 12667
4484 4485
12701 13251
4510 6867
12716 12717
7783 12723
12733 12734
4553 6298
12749 12750
12752 14375
4561 7663
4564 4565
4585 4586
4593 4594
4596 4597
15785 15786
6217 10325
4608 4609
4880 12804
4623 4624
4650 4651
12845 12846
4659 4660
12859 12860
4874 4875
4672 4673
12879 12880
12900 12901
4713 4714
12910 13837
4720 4721
4728 4729
12922 12923
12926 12927
4740 4742
4753 4754
12957 14815
12970 12971
3528 15155
12983 12984
4798 13540
12998 12999
13005 13006
4827 7862
7700 13021
4837 4838
13049 13050
13062 13063
13066 13067
4902 4903
13098 13099
13103 13104
13109 13110
13121 13122
13128 13129
4937 4938
4950 4951
13148 13149
13154 13155
13157 13158
4977 4978
13183 13184
7889 13187
5016 5017
5021 5022
13215 13216
5027 5028
5034 5035
7982 13232
5045 5932
5050 5051
13245 13246
5060 5061
13256 13257
5076 5077
5079 10524
7142 13274
5108 5109
13309 13310
5124 5125
13326 13327
5146 5897
5174 5175
13369 13528
13379 13380
5192 5193
13399 13400
5210 5211
2236 6547
5237 5238
13432 13433
5241 5242
13437 13438
13443 13444
5267 5272
9072 14069
13497 13498
5310 6450
13507 13508
5318 5319
5324 5325
5331 5332
13533 13534
5350 5351
5357 5358
5364 5365
5369 5370
13574 13575
13599 13600
13602 13603
6362 6363
5437 8053
5456 5457
5461 6494
13659 13660
5471 5472
5476 5477
13680 16352
13698 13699
5512 5513
5518 5519
13725 13726
5541 5542
5548 5549
13748 13749
5558 5559
13763 13764
5579 5580
5588 5589
13226 13227
5636 5637
5639 5640
5647 5648
5655 5656
13854 13855
13873 13874
13898 14457
13912 13913
5731 5732
5737 6403
5745 13961
5771 5772
13965 13966
5780 5781
13979 13980
13999 14000
14020 14021
5837 5838
14036 14037
14040 14041
5071 5072
5870 5871
14078 14079
5900 5901
14096 14236
14103 14104
5916 5917
5919 5920
5937 5938
5942 5943
5948 6437
14184 14185
5994 5995
14198 14199
6012 6013
6018 6100
6025 6026
14221 14222
14228 15394
6055 6056
3740 7178
14255 14256
6065 6066
14261 15939
6077 6078
6088 6089
14286 14287
6120 6121
6126 6127
14323 14324
6134 16345
14328 15403
6486 6487
14345 14346
14356 14357
6178 6179
14382 14383
14390 14391
6202 6645
14400 14401
16029 16030
7380 7867
6250 6251
14447 14448
6267 6268
6279 6280
6285 6286
6292 6293
14510 14511
6324 6325
6339 12027
14555 14556
14558 14559
14561 14562
14577 14578
14581 15043
6395 6396
14589 14590
6409 6410
14606 14607
6431 15781
14625 14626
14645 14646
6458 8065
14662 14663
6474 6475
6482 6483
14678 14679
14688 14689
6506 6507
6514 6515
14718 14719
14725 14726
14731 14732
14740 14741
6553 6554
6559 6560
6563 6564
14771 14772
14786 15462
6598 6926
14801 14802
14755 14756
6632 6633
14832 14833
6652 6653
6656 6657
14851 14852
14858 14859
6669 6670
6673 6674
6676 6677
6683 6684
6688 6689
14883 14884
14888 14889
6697 6698
14893 14894
6708 6709
6711 6712
14939 14940
6750 6751
6760 6761
14958 14959
6767 6768
6776 6777
14989 16383
14991 14992
6800 6801
14995 14998
15001 15002
6810 6811
3885 6836
15046 15047
6856 6857
6861 6862
6877 6878
15083 15506
6898 6899
15100 15101
6914 6915
15112 15113
15123 15124
15165 15166
6982 6983
6985 6986
15189 15190
15194 15195
15204 15205
7025 7026
15219 15220
7040 8011
15234 15235
15249 15250
15261 15262
7078 7079
15274 15275
15296 15297
15308 15309
7126 7127
15328 15329
7147 7148
15350 15351
15360 15361
15373 15374
7191 7192
15395 15396
7219 7220
7233 7234
15427 15428
15434 15435
7279 7280
15482 15483
7295 7296
15508 15509
15528 15529
15546 15547
15553 15554
15564 15565
7391 7392
7405 7406
13523 13524
15614 15615
7431 7432
15636 15637
15650 16135
7466 7467
7471 7472
7481 7482
15678 15679
7490 7491
7503 12262
15720 15721
15727 15728
7561 7562
7581 7582
7592 7593
7596 7597
15792 15793
7603 7604
15803 15804
16287 16288
15811 15812
7629 7630
15827 15828
7646 7647
15866 15867
7680 7681
7691 7692
15900 15901
7717 7718
15918 15919
7740 7741
7760 7761
7775 7776
7778 7779
16317 16318
16006 16007
7836 7837
7843 7844
7846 7847
16065 16066
16331 16332
5410 5411
16078 16079
7893 7894
16088 16089
16113 16114
7929 7930
16151 16152
7968 7969
7994 7995
16188 16189
8019 8020
16218 16219
8035 8036
16237 16238
16254 16255
8082 8083
16283 16284
8096 8097
16313 16314
8140 8182
16333 16334
16336 16337
8153 8154
13648 13649
8322
267
505
722
756
1045
1419
1594
1727
1871
2062
10458
10475
2302
10842
2723
2911
3066
3078
3243
3406
3557
3629
3654
3757
4062
4209
12516
4333
12596
4656
4696
13264
5255
13606
5427
5490
5501
5528
13798
13813
3716
5925
6106
5911
6176
6350
6357
11988
6436
6461
6526
6591
6616
6704
15008
4792
7047
7133
7387
7442
7515
1272
4008
15894
1288
7923
7953
16169
8188
5354
5401
6457
7262
24
49
843
9436
9528
1347
9594
1743
9939
6611
2446
3669
4016
12571
4908
5057
5216
13735
5724
14128
15040
6610
7354
16268
