234 235 387
578 579 1603
178 179
127 128
63 64
808 809
874 875
448 449
104 105
1113 1114
1199 1200
1389 1390
1283 2075
532 533
776 777
274 1668
725 726
160 161
2 477
1110 1111
45 46
1359 1360
1895 1896
1175 1176
8 9
1715 1716
295 296
403 404
139 140
1970 1971
1976 1977
1953 1954
1562 1563
1575 1576
968 969
1034 1943
2338 2339
1520 1521
1879 1880
323 324
1340 1341
1053 1054
854 855
25 376
1567 1568
992 993
887 888
983 984
1382 1772
2103 2104
2422 2423
2350 2351
425 1999
1287 1288
1493 1494
2109 2110
1367 1368
170 171
93 94
799 800
1290 1291
1211 1212
1504 1505
221 222
208 209
1686 1687
750 751
2218 2219
2079 2080
1352 1353
1755 1756
279 280
2463 2464
2125 2126
1132 1133
2257 2258
1840 1841
960 961
612 613
908 909
55 56
397 398
793 794
1078 1080
865 866
2322 2323
929 930
658 659
696 697
687 688
1092 1093
1453 1454
2428 2429
1125 1126
1960 1961
677 678
2435 2443
1554 1555
252 253
121 122
1483 1484
2067 2068
880 881
1270 1271
2316 2317
1071 1072
1255 1256
2035 2036
1217 1218
1861 1862
641 1009
731 732
1169 1170
2013 2014
2265 2266
2385 2386
1465 1466
1028 1029
671 672
526 527
1613 1614
1181 1182
2239 2240
367 368
631 632
665 666
346 1088
652 653
2479 2480
1590 1591
2470 2471
438 439
2004 2005
381 382
306 307
937 938
845 1079
1822 1823
1065 1066
31 32
2097 2098
266 472
2055 2056
2135 2136
1795 1796
2212 2213
261 2010
2173 2174
753 754
550 551
1242 1243
1992 1993
1922 1923
1916 1917
1346 1347
1249 1250
541 542
1510 1511
1829 1830
1259 1260
1817 1818
1150 1151
24 26
1596 1597
69 70
408 409
299 300
99 176
2226 2227
329 330
2416 2417
82 789
1159 1160
431 432
583 584
1226 1282
461 462
1328 1329
1982 1983
827 828
73 74
719 720
501 502
349 350
359 360
2281 2282
565 566
487 488
2456 2457
590 591
1605 1606
1443 1444
338 339
2410 2411
2045 2046
1729 1730
1906 1907
1740 1741
1854 1855
1374 1375
1415 2198
2288 2289
1547 1548
556 557
441 442
242 247
759 760
2378 2379
2346 2347
1402 1403
953 954
1540 1541
313 314
744 745
1311 2303
1527 2493
1721 1722
1868 2120
1046 1047
1660 1661
1703 1704
2189 2190
1937 2437
267 1458
921 922
2232 2233
1418 1419
1103 1104
1191 2441
424 426
895 896
2039 2040
861 862
833 834
1304 1305
1143 1144
51 52
1804 1805
2397 2398
375 515
917 918
1652 1653
1437 1438
1674 1675
1533 1534
1727 1778
1323 1941
2060 2061
2021 2022
705 706
625 626
2295 2296
133 134
2167 2168
1885 1886
418 419
1011 1012
494 495
2131 2195
1766 1767
1641 1642
596 597
2154 2155
37 38
602 603
1018 1019
1427 1428
608 989
1847 1848
646 647
736 737
1447 1448
1059 1060
767 768
86 167
18 19
110 111
191 192
214 215
1928 1929
2147 2148
914 915
943 944
1471 1472
146 147
1235 1236
509 510
1229 1230
947 948
1119 1120
619 620
285 286
1785 2301
1476 1477
1872 1873
571 572
1316 1317
2141 2142
1298 1299
2330 2331
999 1000
839 840
467 468
1622 1623
1499 1500
1635 1636
2087 2360
